
Monde 1000 1000 
Beauce 0 0 5 5 
Energie Nourriture 50 
Seuil Reproduction 15000 


(64 145) 2 770 | 46 37 52 61 35 35 84 28 | 
(688 224) 4 1747 | 75 70 46 13 6 71 50 46 | 
(881 928) 2 118 | 26 91 95 95 87 21 39 78 | 
(795 210) 6 835 | 79 62 94 98 77 37 57 24 | 
(977 621) 0 773 | 77 69 63 97 2 46 72 39 | 
(140 749) 5 939 | 13 29 77 98 2 59 68 44 | 
(748 300) 2 1319 | 22 14 29 57 68 98 48 94 | 
(881 212) 3 512 | 37 17 24 98 12 96 23 41 | 
(737 392) 7 92 | 13 78 98 39 3 67 5 60 | 
(437 123) 7 1728 | 51 79 7 95 64 20 21 87 | 
(154 967) 7 949 | 49 73 55 83 62 22 98 44 | 
(365 770) 6 1495 | 38 60 31 29 72 35 50 6 | 
(379 479) 4 1382 | 41 25 80 96 73 69 2 62 | 
(569 766) 1 1984 | 60 65 32 45 40 44 47 29 | 
(320 153) 2 968 | 58 34 95 78 44 66 79 7 | 
(206 2) 1 922 | 77 30 50 75 42 12 62 91 | 
(270 902) 4 1723 | 20 70 18 34 71 72 66 100 | 
(444 453) 1 863 | 28 92 27 30 69 12 26 22 | 
(425 324) 3 527 | 64 61 81 55 37 96 58 1 | 
(172 219) 2 230 | 64 15 65 35 91 42 99 41 | 
(597 176) 4 1988 | 5 86 87 87 90 58 6 4 | 
(205 874) 5 750 | 42 25 83 69 35 62 68 83 | 
(604 197) 5 1699 | 5 17 77 44 46 55 44 17 | 
(611 735) 2 363 | 53 70 33 67 42 96 83 69 | 
(127 244) 5 1514 | 90 16 69 32 34 99 64 9 | 
(823 913) 6 1226 | 14 91 7 44 54 45 8 19 | 
(887 522) 3 985 | 83 41 78 36 14 7 7 83 | 
(680 657) 3 1994 | 7 80 24 46 7 87 12 67 | 
(431 678) 1 917 | 88 47 33 3 3 1 27 33 | 
(58 74) 4 1410 | 82 9 3 70 77 84 87 89 | 
(432 720) 1 1534 | 62 29 21 23 85 15 26 24 | 
(689 726) 4 54 | 48 82 11 52 7 96 56 64 | 
(150 14) 6 1089 | 17 79 66 71 43 100 84 93 | 
(344 227) 3 196 | 17 57 47 26 52 35 12 67 | 
(927 29) 7 1871 | 16 10 38 35 98 63 61 81 | 
(53 69) 7 104 | 8 32 45 65 46 82 66 49 | 
(827 300) 0 1712 | 86 36 6 48 87 26 16 49 | 
(550 576) 0 1122 | 29 86 10 93 65 59 8 36 | 
(229 43) 6 1146 | 81 53 32 64 96 94 22 73 | 
(713 895) 7 1777 | 14 84 2 34 21 79 77 96 | 
(773 294) 4 515 | 27 96 18 18 79 27 33 14 | 
(589 875) 0 1953 | 65 5 76 7 39 9 76 32 | 
(529 455) 7 937 | 26 37 44 92 38 50 79 100 | 
(736 898) 1 1117 | 27 27 42 56 43 66 19 19 | 
(4 942) 4 342 | 97 21 45 37 60 58 79 65 | 
(751 541) 6 1467 | 60 84 77 41 48 30 26 84 | 
(925 563) 2 747 | 25 3 25 73 10 93 48 6 | 
(217 926) 3 1486 | 86 14 61 5 29 78 11 56 | 
(27 140) 6 85 | 2 6 7 48 75 93 2 99 | 
(717 627) 1 1003 | 22 73 87 5 33 63 10 86 | 
(639 272) 4 1242 | 55 49 35 24 55 23 49 9 | 
(586 916) 3 1886 | 16 77 69 32 23 60 72 16 | 
(718 751) 0 606 | 3 79 64 78 77 84 17 43 | 
(946 475) 0 364 | 78 11 44 53 99 41 10 56 | 
(113 858) 4 213 | 76 78 81 95 77 8 15 18 | 
(51 909) 6 1577 | 77 100 15 40 53 7 35 68 | 
(4 512) 6 585 | 11 31 32 65 62 46 73 93 | 
(458 647) 2 259 | 80 26 62 11 97 33 8 58 | 
(838 878) 4 1222 | 89 73 36 14 92 73 17 39 | 
(179 995) 0 1117 | 87 40 89 40 39 55 50 96 | 
(152 22) 3 1905 | 60 42 97 86 27 58 42 44 | 
(558 831) 0 351 | 85 93 29 44 73 73 99 32 | 
(380 127) 5 608 | 63 44 1 29 48 31 83 74 | 
(220 594) 5 1852 | 58 34 59 3 32 26 73 15 | 
(89 635) 2 1026 | 17 39 25 74 69 58 44 77 | 
(437 761) 4 1940 | 18 92 28 97 90 80 100 27 | 
(830 866) 2 1467 | 95 19 20 38 65 96 47 29 | 
(959 948) 7 1034 | 59 43 98 52 94 61 64 8 | 
(730 256) 6 1551 | 4 20 19 53 71 81 74 48 | 
(62 303) 7 1224 | 68 62 13 11 12 69 69 45 | 
(780 220) 7 418 | 54 70 42 96 35 10 43 81 | 
(929 817) 1 780 | 8 69 43 89 43 17 36 66 | 
(133 641) 6 544 | 20 63 60 20 11 59 71 36 | 
(502 235) 2 1644 | 35 79 92 52 44 85 81 18 | 
(784 857) 2 1654 | 16 17 13 17 16 82 71 18 | 
(472 324) 3 368 | 7 64 94 90 6 64 2 41 | 
(15 866) 3 820 | 78 80 19 57 78 90 27 50 | 
(889 214) 4 1866 | 77 9 17 82 36 45 6 34 | 
(773 102) 0 10 | 4 54 40 17 20 79 12 15 | 
(713 720) 6 211 | 80 25 70 26 19 25 11 25 | 
(208 482) 6 1348 | 99 80 93 51 53 92 86 97 | 
(647 888) 1 1659 | 64 77 62 8 91 16 73 98 | 
(586 39) 4 270 | 43 71 25 46 17 100 8 47 | 
(998 474) 4 214 | 93 65 88 57 49 55 84 28 | 
(194 493) 0 1146 | 48 90 48 7 54 70 16 71 | 
(889 547) 1 246 | 50 82 35 22 33 25 32 15 | 
(670 929) 6 1103 | 7 82 72 74 78 73 49 10 | 
(353 11) 7 162 | 96 94 32 77 98 100 26 60 | 
(427 220) 6 1829 | 65 38 38 54 54 58 83 9 | 
(478 946) 5 431 | 86 41 38 66 2 57 53 77 | 
(307 484) 6 1122 | 44 94 83 20 54 57 76 50 | 
(683 918) 0 35 | 93 84 21 1 58 48 75 8 | 
(349 916) 5 194 | 99 70 69 52 91 55 58 76 | 
(620 397) 0 781 | 30 46 4 13 84 31 27 48 | 
(43 472) 1 1318 | 91 29 98 66 19 67 51 33 | 
(607 341) 4 1324 | 85 34 24 28 37 94 98 83 | 
(33 245) 2 502 | 74 70 13 6 15 25 44 26 | 
(423 909) 1 1781 | 54 67 97 32 87 33 7 52 | 
(592 600) 6 211 | 35 34 4 53 53 88 52 38 | 
(418 555) 1 1161 | 27 16 62 61 31 63 26 35 | 
(357 569) 1 1690 | 12 75 3 87 57 74 86 7 | 
(395 294) 7 583 | 8 8 1 66 62 76 97 54 | 
(250 510) 0 685 | 11 91 1 57 5 45 54 100 | 
(860 391) 7 173 | 53 7 59 29 73 3 80 77 | 
(491 71) 3 1835 | 19 92 48 14 54 89 39 80 | 
(12 857) 6 795 | 56 36 79 100 50 16 69 96 | 
(320 738) 4 1569 | 98 63 46 4 79 28 25 18 | 
(472 748) 3 356 | 16 63 43 14 9 9 17 82 | 
(91 227) 4 1042 | 25 28 98 91 46 91 5 12 | 
(407 263) 4 1279 | 22 97 68 51 55 79 14 39 | 
(689 604) 0 1014 | 48 59 29 6 99 34 57 90 | 
(487 855) 1 389 | 36 73 49 15 90 81 82 100 | 
(148 1) 0 366 | 28 63 55 78 54 62 90 71 | 
(702 818) 0 1490 | 64 71 74 53 24 28 17 27 | 
(238 173) 4 580 | 11 18 68 73 93 55 54 32 | 
(565 271) 0 56 | 7 82 57 91 71 19 31 7 | 
(426 695) 2 1211 | 68 71 30 97 43 99 82 30 | 
(776 445) 6 391 | 34 17 68 56 79 77 18 4 | 
(200 943) 7 365 | 78 52 63 89 15 63 85 47 | 
(430 8) 5 488 | 17 29 54 3 31 88 41 70 | 
(384 357) 1 1539 | 65 34 84 95 52 62 69 79 | 
(126 984) 3 1442 | 1 4 13 72 77 32 32 87 | 
(308 248) 7 1526 | 29 80 30 17 58 77 81 55 | 
(561 130) 7 527 | 74 35 4 11 25 53 58 7 | 
(81 513) 4 1746 | 70 23 71 73 61 86 22 38 | 
(320 288) 2 562 | 17 51 63 32 26 29 67 45 | 
(241 799) 7 1085 | 15 94 30 39 100 89 7 83 | 
(394 121) 5 931 | 15 38 94 72 5 42 63 4 | 
(507 314) 2 1455 | 10 45 1 13 15 83 39 33 | 
(124 61) 7 1685 | 92 66 67 13 99 10 48 77 | 
(206 804) 6 1394 | 25 88 88 69 43 45 76 74 | 
(837 433) 3 1113 | 95 36 88 75 29 14 12 27 | 
(276 948) 4 888 | 22 52 78 58 27 52 73 44 | 
(706 462) 4 323 | 67 8 2 70 84 38 29 41 | 
(687 878) 2 1944 | 28 22 1 93 1 98 71 36 | 
(407 467) 7 1814 | 21 26 13 86 95 39 48 8 | 
(639 465) 5 58 | 66 46 3 60 97 83 78 89 | 
(949 729) 7 827 | 48 19 51 99 90 83 92 60 | 
(362 403) 5 1977 | 58 2 57 69 69 45 12 72 | 
(190 795) 6 709 | 4 18 21 6 27 85 74 56 | 
(491 298) 6 778 | 34 4 23 60 24 42 47 27 | 
(730 5) 5 127 | 53 59 57 73 80 40 79 37 | 
(231 145) 7 915 | 28 10 43 5 37 70 64 81 | 
(932 494) 6 583 | 4 38 16 70 98 64 90 60 | 
(30 63) 4 1614 | 32 20 91 76 41 37 54 37 | 
(882 918) 3 1829 | 71 62 4 64 19 43 31 89 | 
(532 730) 4 1727 | 24 17 62 12 29 38 15 88 | 
(528 759) 7 1200 | 85 30 46 41 98 63 89 92 | 
(523 854) 5 113 | 93 65 44 47 83 4 77 38 | 
(53 401) 1 1741 | 43 45 17 38 57 81 35 88 | 
(701 3) 1 1205 | 89 19 76 12 81 53 57 33 | 
(507 425) 6 1578 | 75 62 73 76 56 26 62 65 | 
(357 681) 1 1330 | 61 31 24 5 32 93 69 83 | 
(657 440) 1 356 | 93 3 33 55 72 53 44 82 | 
(786 217) 0 409 | 4 57 27 55 49 46 92 65 | 
(149 380) 4 1876 | 4 61 89 52 14 27 55 51 | 
(993 59) 0 1881 | 4 54 86 5 85 39 72 54 | 
(360 169) 4 43 | 76 66 88 15 71 83 90 12 | 
(54 489) 3 5 | 34 22 85 23 94 50 40 22 | 
(842 226) 6 229 | 83 53 11 50 86 57 39 82 | 
(671 390) 4 20 | 67 90 28 79 38 87 42 4 | 
(342 337) 3 944 | 84 28 32 38 56 76 16 22 | 
(53 318) 5 1908 | 83 99 28 2 64 11 4 37 | 
(284 703) 2 303 | 55 54 85 97 52 17 67 96 | 
(170 258) 2 1137 | 36 77 21 32 5 18 2 54 | 
(417 902) 6 707 | 65 60 89 2 42 55 100 66 | 
(200 269) 7 637 | 50 89 66 70 30 95 83 5 | 
(318 618) 7 435 | 3 20 77 9 25 18 51 29 | 
(552 214) 4 531 | 71 100 79 73 71 63 48 22 | 
(371 336) 5 1304 | 63 47 27 15 8 90 71 43 | 
(234 298) 3 1389 | 95 10 84 9 88 37 71 9 | 
(424 170) 0 37 | 99 14 62 98 51 96 61 2 | 
(890 117) 0 240 | 8 9 79 9 87 3 4 21 | 
(695 377) 0 731 | 36 63 30 19 79 22 21 35 | 
(903 618) 4 247 | 27 52 51 48 75 40 80 38 | 
(891 551) 7 1364 | 75 85 56 50 83 43 1 21 | 
(503 588) 3 1575 | 12 98 38 74 63 96 63 15 | 
(838 208) 6 21 | 44 90 83 50 59 100 72 16 | 
(96 316) 7 1156 | 92 58 23 26 79 54 100 100 | 
(240 35) 3 1162 | 44 92 45 99 99 19 20 27 | 
(504 363) 2 1764 | 59 83 4 59 94 44 86 100 | 
(401 233) 4 1155 | 68 89 70 42 77 43 19 96 | 
(927 969) 4 474 | 52 78 7 4 50 78 98 15 | 
(984 296) 3 1526 | 73 55 21 73 77 31 66 85 | 
(106 651) 5 68 | 94 33 99 28 70 69 65 32 | 
(956 131) 4 846 | 5 68 85 47 49 71 31 98 | 
(294 725) 2 1106 | 84 68 21 37 32 76 97 7 | 
(338 637) 3 1150 | 10 43 34 26 23 1 84 3 | 
(266 605) 0 584 | 76 62 93 95 85 10 27 99 | 
(191 367) 4 106 | 90 37 39 9 31 32 27 81 | 
(726 655) 3 590 | 99 17 78 78 34 2 50 89 | 
(71 751) 7 1080 | 65 33 9 70 93 81 45 94 | 
(868 610) 0 937 | 59 18 77 16 39 58 65 97 | 
(876 190) 5 1611 | 27 20 34 99 100 59 26 14 | 
(427 784) 7 1227 | 59 19 96 90 30 33 99 44 | 
(319 563) 5 158 | 86 67 55 95 12 61 22 5 | 
(730 584) 1 1050 | 93 80 13 37 73 55 71 85 | 
(41 767) 4 351 | 50 21 87 41 90 26 65 74 | 
(705 735) 3 1023 | 42 21 38 87 88 98 66 95 | 
(798 928) 6 504 | 34 83 94 41 60 33 48 45 | 
(420 541) 1 417 | 60 33 92 80 15 80 95 36 | 
(888 167) 1 810 | 100 38 42 23 79 18 36 54 | 
(47 832) 7 668 | 80 18 69 95 8 79 19 6 | 
(91 39) 6 1363 | 30 79 70 29 64 95 17 87 | 
(885 669) 4 644 | 14 25 49 82 14 53 82 52 | 
(607 544) 6 1344 | 74 91 8 62 3 69 49 39 | 
(398 870) 1 1044 | 48 13 57 78 50 23 69 52 | 
(791 641) 7 1676 | 24 91 69 33 76 72 30 72 | 
(25 70) 3 1627 | 97 7 35 26 66 91 77 1 | 
(549 758) 1 1292 | 23 22 25 56 44 36 72 52 | 
(871 597) 5 882 | 79 70 94 49 83 50 2 66 | 
(411 825) 6 171 | 75 22 31 6 90 2 70 92 | 
(47 133) 1 1651 | 75 5 93 33 12 56 11 9 | 
(615 397) 3 1509 | 26 62 93 13 93 36 51 86 | 
(517 317) 3 254 | 12 93 18 27 24 97 14 52 | 
(965 688) 3 1467 | 100 5 89 88 98 22 98 73 | 
(734 415) 2 1246 | 25 51 1 50 79 71 63 49 | 
(737 801) 6 147 | 74 47 28 6 10 55 19 40 | 
(723 229) 6 671 | 48 54 30 94 44 81 9 52 | 
(746 228) 3 1720 | 12 34 18 67 2 98 38 22 | 
(544 181) 6 1738 | 15 34 65 15 58 64 18 64 | 
(432 329) 7 1769 | 91 49 2 71 79 76 52 8 | 
(424 696) 2 1390 | 28 34 100 2 66 31 19 69 | 
(362 284) 4 860 | 63 64 86 27 48 93 57 46 | 
(428 765) 6 1632 | 22 66 32 75 57 17 16 59 | 
(367 801) 3 229 | 73 23 10 94 3 69 58 86 | 
(416 799) 7 334 | 75 69 50 19 44 17 18 56 | 
(357 649) 4 912 | 49 29 15 47 37 20 71 29 | 
(877 628) 4 1650 | 45 86 47 84 11 40 16 33 | 
(538 601) 1 1102 | 88 76 84 59 59 33 92 19 | 
(5 214) 4 1735 | 16 53 97 30 97 84 18 26 | 
(851 154) 3 267 | 92 6 2 5 13 81 85 48 | 
(758 708) 7 923 | 34 38 75 67 21 100 78 40 | 
(143 798) 6 1662 | 82 65 22 62 20 76 14 27 | 
(936 43) 0 1821 | 31 44 66 89 14 23 52 41 | 
(79 331) 0 1926 | 87 58 81 90 52 17 57 65 | 
(802 126) 5 766 | 51 54 63 45 75 35 41 19 | 
(26 426) 6 1656 | 20 79 42 23 39 66 83 84 | 
(458 588) 4 1146 | 68 4 4 5 66 22 70 65 | 
(860 425) 0 923 | 4 7 9 19 54 98 20 20 | 
(458 871) 2 200 | 84 63 52 33 93 79 51 98 | 
(103 888) 4 1863 | 5 5 20 99 97 64 41 27 | 
(221 124) 6 1629 | 99 71 41 89 83 30 81 95 | 
(843 514) 3 1838 | 91 77 26 15 95 59 24 96 | 
(824 502) 1 1373 | 72 11 67 53 85 24 79 54 | 
(810 756) 0 577 | 47 43 99 68 52 51 94 12 | 
(99 466) 5 1794 | 70 9 73 30 40 94 10 43 | 
(932 933) 6 1655 | 48 29 93 36 19 7 41 92 | 
(196 228) 0 430 | 11 22 76 3 3 84 92 99 | 
(54 894) 3 1748 | 69 47 89 42 70 64 94 33 | 
(877 646) 3 845 | 79 79 49 21 96 22 64 95 | 
(377 510) 1 1789 | 84 85 96 98 39 95 82 97 | 
(419 428) 5 1884 | 97 28 30 51 40 98 55 16 | 
(450 509) 2 868 | 42 63 43 52 59 11 34 92 | 
(963 415) 6 1804 | 99 75 1 48 85 59 23 7 | 
(678 657) 3 758 | 86 71 88 21 22 55 36 11 | 
(12 20) 2 163 | 27 44 76 51 84 37 89 69 | 
(484 668) 6 35 | 95 32 9 8 20 27 23 84 | 
(376 77) 0 1617 | 68 23 11 54 16 44 55 49 | 
(294 475) 0 330 | 35 58 15 26 10 24 28 84 | 
(119 147) 4 596 | 45 48 96 48 63 77 97 9 | 
(271 226) 4 230 | 75 40 68 50 85 32 29 40 | 
(652 759) 5 494 | 78 47 79 88 98 13 84 48 | 
(129 622) 5 1527 | 38 97 80 20 60 21 60 78 | 
(658 301) 3 243 | 77 56 48 79 99 65 8 100 | 
(345 300) 3 1043 | 65 19 11 87 95 92 96 2 | 
(658 641) 5 1417 | 29 36 94 36 87 24 50 91 | 
(411 285) 6 1966 | 41 74 83 95 42 14 50 27 | 
(538 458) 0 799 | 5 19 76 4 28 91 32 55 | 
(149 497) 1 160 | 86 71 11 50 54 63 23 31 | 
(904 338) 2 441 | 7 66 87 28 71 74 62 57 | 
(449 631) 4 1263 | 80 43 55 84 3 39 90 90 | 
(849 175) 1 580 | 85 99 51 52 72 27 50 98 | 
(164 502) 6 1102 | 12 80 18 2 80 35 77 60 | 
(375 777) 0 331 | 33 86 41 91 66 57 14 18 | 
(275 218) 6 1741 | 73 56 76 40 58 31 44 48 | 
(43 993) 2 754 | 14 40 72 71 91 15 61 16 | 
(269 858) 2 791 | 19 70 88 8 80 81 7 97 | 
(170 780) 5 23 | 54 11 47 55 54 96 51 22 | 
(568 197) 5 382 | 14 74 75 72 13 84 30 56 | 
(853 679) 3 1520 | 37 58 43 96 34 59 23 52 | 
(844 635) 7 638 | 81 68 100 53 13 37 97 18 | 
(857 815) 7 319 | 14 76 88 17 48 95 18 65 | 
(701 663) 0 1132 | 53 47 49 85 82 11 31 53 | 
(791 371) 7 168 | 82 52 85 88 4 62 70 51 | 
(832 775) 4 824 | 27 96 57 7 85 57 50 19 | 
(339 584) 0 1612 | 89 90 63 77 16 74 70 85 | 
(963 830) 1 1922 | 97 29 24 68 12 13 41 16 | 
(693 278) 7 391 | 64 76 66 96 24 5 91 47 | 
(792 686) 7 1178 | 43 6 87 83 73 65 97 36 | 
(58 523) 3 892 | 90 20 74 5 89 40 6 65 | 
(429 321) 3 1757 | 61 8 51 13 34 86 74 17 | 
(298 497) 6 1974 | 96 45 58 31 1 15 95 62 | 
(413 621) 2 288 | 56 38 40 90 23 62 8 44 | 
(41 972) 7 987 | 54 28 56 50 5 92 76 81 | 
(185 929) 2 482 | 20 22 36 23 47 57 72 74 | 
(841 520) 1 1376 | 80 37 93 78 24 21 42 4 | 
(313 123) 5 906 | 62 76 16 15 78 20 96 19 | 
(338 710) 0 1374 | 75 63 50 39 89 25 34 55 | 
(870 769) 7 606 | 22 30 29 69 65 94 42 90 | 
